// parameters
// n \t m \t outValue \t M \t alpha \t T \t epsilon \t beta \t txsize \t iosize \t cout \t coutValue
82	2	1376073	1048576	25.1290322580645	13721	13721	34	6200	1548	0	0

// vin
// id \t size \t value \t confirm \t vout \t choosen \t txid
1	148	150138	42394	107	1	56dace86eedda87d5cb68ac2726fc29c1d711a72a1c7ba92100e04cc54feaff8
2	148	150319	45851	86	1	eca6ecbe3ac5058a15c62e440e5e016f79d86b21fde3b3feb093c1ee6d5007b4
3	148	150446	42772	91	1	dbf06282609faeb3aec3f93376e0c1799f43222510f191672899f0a9a5b367e8
4	148	150690	46144	103	1	9e66ceae04d8faeefe8773ef29808a7388d51c6df30f4e3cdc7933ec48acd947
5	148	151827	47192	98	1	049ad5213936d853c678f806ee856ce8abc6888079153627a840a733f1a746d7
6	148	152115	46256	68	1	472ae900c422d54eb72507da637513a76ea3a11b039c0ab66c07d2fad9973a44
7	148	152337	43909	76	1	4a181cff4b87093185917b7ad56c7ba599757183ae3a3996394efcfac727e538
8	148	154415	46734	71	1	68308903efaf11d8073d6c5e125d68fba0f66cfd602c653e06d60aa2b8c82bec
9	148	159744	43783	88	1	8a5ef0db91a77f293fd0464eb4a26a1796ec9c9cfada1e11886180dc45f5e212
10	148	159842	39472	176	1	14757e09a5d236ed5320b67bfe269430ee13d728dc8e906a6246fe22ebe1dfee
11	148	180239	36734	252	0	46d6692076b02f3a8c2163a0433dc6d7bdc6548e18de8ef22e79d22c3393e386
12	148	170255	37021	191	0	cf37a2c0956ae6657386f19c72ff0cb8d2df1c75fed21a9f9815ec69a0f985ec
13	148	178108	37039	278	0	498211f14297ab1b794ac261f194951efebce513630b290d69f4a6e34fa14cdf
14	148	179496	37283	184	0	869491d3fca3c265e666547e90b6c101dcab728142d99cd1b8f1ac50a371497d
15	148	241147	37436	221	0	95426c5f5d5c779aee03656110425d06e699f165e09726a132721a148b195964
16	148	189646	37439	77	0	91b217cfccfa45f7919941a31268c77c755921793d75daadba81f3bf8239cb7d
17	148	272778	37461	272	0	5b556d936176d4f5d79a8abd6335ad697020ee441f8ed5bfe8be18c12c8b45aa
18	148	181303	38042	231	0	d5c7243591104ff21a5e3ed5915ddb700e588b27777d2c8c0e6674c24cbcb447
19	148	223475	38245	176	0	82fad215235f607a2ad067678c1cca9ed677457ae08e2533a36b9ab0e9b2f22e
20	148	180868	38285	239	0	16d4c0a277563057f816a32900e6f7988243d4a824e0cc6d68bed561904f0e2c
21	148	161280	38560	76	0	cca0bb78c42849252652f559be6afa185078caf93926970cf498bc64378357ca
22	148	190260	38586	232	0	80f2c506f3d44ac089881bdab219e4ee89c6c13a12f9cb81aac20cb623bb3420
23	148	218433	38904	215	0	20bc9edf78977941c6307c84222c220961625d36b827488062c1013d3b438f0f
24	148	387536	38906	244	0	8d4687f3a4580eb7b81f539d24040b8816ae85ace5bac1eb7cdc595d9a4f3e3f
25	148	175688	39134	61	0	30c2807ae1f99126220c46d0cd641077b589aea53f8d6e5ec3c3c34588d6fb8d
26	148	211843	39472	184	0	50c559ec41298f3f0b9b4cc9957170b41dbb54e0e82478da9f70fcdc8003e9fa
27	148	381545	39480	195	0	4fdfc08c7a1c8da0c2c4db19eedb56f3a28df5914f8174c0d699464739a0f588
28	148	396217	40031	138	0	f6cd53df4412de491460cc0427ab9b59f1a14640b039b79ad927d3bca0a1863d
29	148	331001	40033	270	0	0293b80ac3d8a3ed3611e76ed8faa02132817343ab7fe758fff3538ae68d2eb9
30	148	614489	40092	190	0	db231e293ecdc6969aa7f5ef6b7a83f248175c466105223b8a1daad1af8b18e4
31	148	195086	40331	183	0	f62609b96b3b721e35cba9f616e47890ec0a775fe864e44d15edac40f7f0572d
32	148	213049	40457	196	0	d338b56eb109a0dab076ac82427874842d67f57faee85e2d656d200c387a0232
33	148	214598	40764	110	0	e49424bc7d4f6394ec87dde32b7c4642d342ddd2c5a42a31db4554a789a79c8d
34	148	201900	41575	575	0	0b9456fd187a9b52dddf8e6f7898eb7a3fe8d4cab6f35d9e09122bc693d1481c
35	148	194990	41806	88	0	952309a377409d5e23ed83f39c5349a1a658557bfdc88f05caaf6e0d395d4c7e
36	148	206917	41886	96	0	ee77ed33de23cfea2e1bfc0cfcfb7fde5166bbb8b37a2fac9eaf5ee6b12cf0d9
37	148	191312	41889	797	0	7c7a91386d69bcb18080c575e18c4c8881507f85e0f5a20a81916d45fc39bdc1
38	148	213956	42196	73	0	96614cbce87885e19d3036bf1e9ca20b11197156034e5bb996ca35d3fe230fa3
39	148	182383	42198	764	0	6d8b4b1171c25418995c11dc64944413b3317f2f03a850a8b181430bba600787
40	148	243104	42561	1389	0	b85879b735525bfeb99abd1f37a27cfa48eb17b458d7c88fec6a5c4b3e802da9
41	148	250374	42643	1501	0	504006de78af4da7e4562fe0fd473d9e9ba4c4432f3c2def7fc410f3f3da64e7
42	148	208331	42773	80	0	86d785ac52b3c55a2edeccc9e1dfd69ba12cf44f560d092606cb7c540b3efc44
43	148	253317	42932	1491	0	ffb7b8327ccddcc9a5934bb716dcd3e264b60e99c6412af8120bea2983d36b76
44	148	166985	43096	91	0	2d4e87c2a223020b439b2571839dacfe6bfad8e5877b419d45e0f627cac78731
45	148	215114	43276	69	0	ddb180f5c6c9cb5fa6460427dd0648ad2fdf2b561c4a004c31e7a9fb77804c44
46	148	259309	43279	1389	0	5cba36eb255aa5ded0efae131f69c7ebb8c58ce1648e6bdf8ae0bb869cb10574
47	148	195973	43551	109	0	9a9f70bf38524dfd0cd759bd4c4d105208009429fe69dcd3575d0b2cd4562796
48	148	260547	43619	1257	0	c32a566c21d05efd69aba9f2d0637631e1bdc191e4e7cbeefaa70cabd7e0d08a
49	148	213320	43780	101	0	b9450443188b7b65741dc9641536d702d2c366ac14bdb281f14f481ee144acc7
50	148	261910	43914	760	0	2c7d3c248ece0e54a1d536b2f2fb73dbc1e05fe23f8ef6ca743b03b823aeaa37
51	148	230930	44083	93	0	683ef8545a3454f2906228b2442178881a947c5823420b596b071ac1af6ab862
52	148	211296	44084	106	0	8a423ddf924f59dba38f5564852fffc8dfe815332894ef0e4af006d2662156e9
53	148	259452	44226	765	0	04012d48159a034e6b2b20af8bcdc35446318fab27a378903b59a2aab68391a1
54	148	235620	44375	89	0	686ea2b25a5fca32dfce73e895b7b03300eb24eeb1914e7c07e7566d2197fc41
55	148	192492	44562	86	0	01a37eaa83158f038977612d10a22d987b886f13562fe8479599a03559b37322
56	148	257465	44564	628	0	403143bb3b14ad46ef06e5b193b0ec8c377195e98b4016e459953c3ce0857cc4
57	148	259151	44756	90	0	7bd9885870411d0c91f4913bad15dedb15f975107cd27f5d91f5080f2e12546f
58	148	253841	44920	1811	0	d8c809619903fd1f7058e1d416be7e96ccc7e9b7b3440c7bb568ee686658caf0
59	148	241398	45038	109	0	e866c588241d04a6bb1aea38499de3ae177356e21be1faf34e46ec82eca688aa
60	148	188931	45042	82	0	4a91e1e50e269ccd006375b699c9ca8625a91ff9a088af3e2504ee2f7a5803a3
61	148	248926	45221	1782	0	a95f89838b759618b66b698af2f96f2c2666da35122d716d17c7b233faf66ec8
62	148	241300	45361	94	0	bd7987e7e4cf2cb9f3cbf7eb5803c85183f9e1dfaf35536e9948c67f7ba7bb8b
63	148	253456	45457	1766	0	26675cf9bd4d25552b24e3da2ae03f75ac6aa3a1d96ef70259ee6d87c3a1c059
64	148	190989	45458	110	0	5679dd15508704199417265007a6a630cfc7e5b17f2480615261ca3606a7d239
65	148	283306	45604	106	0	218df60c39e0e09feb793ed46d436718e96ad442a30e542e1d5cc705c18bb496
66	148	257663	45746	1777	0	42cb51bbc78e824d8e4421265201af1b02083b0971f90c8452fec8f6d26cfa92
67	148	185233	45852	83	0	695ad2bebd2715fb960f284c6e2f8fc89709f66d64d3c7559c4bc0214e4e0e9c
68	148	257860	46096	1735	0	af1c964088a016fe08f8ea662f3f9a3d83870aebaff08993bc3aec5299aa85b7
69	148	160404	46167	66	0	de69780b86e0b307c1128616891cd9bc1d290aa1dee7587df8b429810dca22f3
70	148	221658	46256	95	0	285d664d8ddf89c08762254bbac491d504e452738396a74d81cd1d98401823f2
71	148	179173	46256	72	0	363f790db7748002779b9dcc936695f15b840325329951fc9fb16cb63daf5394
72	148	253398	46267	1618	0	e44dfd4a4e9f8638e90ab34db64de715dbb80377dbae522c81effc1e8d1bdbef
73	148	199194	46441	86	0	a4f03d43a6d7fba18452dac2dfd186818382bf20ba2f9217fedd830ed0c5d134
74	148	192593	46616	83	0	22f9b656d239abc087ef22c7eeb097b53a4b045990e0f60243e3e8add18ba148
75	148	257459	46626	1587	0	6171babb05119cf2a4bc97f0dd375ecf6b0d612021f7ed1f1e64670ba2438281
76	148	192546	46729	93	0	3185eb3c597cf3cc5149ea6445cc1197d6250229d10a6dcdb8126db93390793f
77	148	191986	46883	481	0	4f9c1483c409fdf0eca382e152cf71991f2f4630b32fb29946d7d9cdf41a6fd4
78	148	260679	46887	1520	0	0435db42fb764f98d3a981184c2f34f93259e969799ac283fa4eae91e7d75b0f
79	148	202108	47054	98	0	ba8074d27f99eeba7ab2ca72a4b113a5f22f500f8871c6822f3eeafe6f66dc72
80	148	271367	47166	1469	0	8253250243ec430f353a40cd565d5d331ecd3df991e3fb5391f9ebdcea890ea4
81	148	214010	47189	85	0	a8c015fa6fa857453d5cb54ab50a2c26384d1bbd1877457b3c1bde012a5e9eda
82	148	207202	47358	102	0	0f4430326d6c7a6aaa7a54733f3892d886c979f5a9ad942f1994b9ffa12d04d6

// vout
// id \t size \t value
1	34	130000
2	34	1246073
