// parameters
// n \t m \t outValue \t M \t alpha \t T \t epsilon \t beta \t txsize \t iosize \t cout \t coutValue
115	2	3973820	1048576	17.5469168900804	9581	9581	34	1492	364	0	0

// vin
// id \t size \t value \t confirm \t vout \t choosen \t txid
1	148	2000000	5758	8	1	36cbd02279748e95300251a0a8ab7e6777988ccdd60ffd656f03433e43a2d23f
2	148	2000000	3474	8	1	fd6168cb483b33abce7ad461a849c8115908167c8d57138c2778a68c84f20878
3	148	60000	1140	1	0	cff6979556ab7de2d05ef56f631f49c4f99e511aae6255e1071465b324f84cda
4	148	60000	1310	1	0	96aa4e8c835b645ac5c6e54a1cdd15497f619bf79abc90ab69d99a675f105e11
5	148	60000	1551	1	0	6a42e3e0af5c1994e27ff0a4cb9532d873629da2679867119060f91b50900f3c
6	148	60000	2991	1	0	7ea37399e72d0ff041c442b4e6ae2773402a99933c415e3c7c07a3f7dfdf69cf
7	148	60000	3190	1	0	30e3f8bf2f398cb357c8715eaaffc9365cb6e7536b29b4b4b5c2ec2e71bbf609
8	148	60000	3340	1	0	d104ac1d54320e3f23e86338380ae9462b0b54c0c9b88c9d53a4dacacfba7cc0
9	148	60000	3489	1	0	7e315d9472161349e0ed8822819b25fc673db97bb1372e95e70a293051d2e1c2
10	148	60000	4341	1	0	92e10b0a5bf48f1a85aa1ffc793ca097883f9901db71740076e678bf85f4ae7c
11	148	60000	4505	1	0	6d817f1f2333eff1c85def59d3412d58e0b6785da14952a2de63b5c4f2eab624
12	148	60000	5249	1	0	f65135eb11fed95feb421f33ff5ea1b06f6cba9ce7fe2d13b53fd14999eb90eb
13	148	20000	5293	2	0	fce7914efd27e54ed7bb441990c97e1c32e27d36da03cdce81467ef1158b7b30
14	148	60000	5428	1	0	940ff82890890b240bf62c379e86371be7d7305355a2ab48198b1be29b4bd7cf
15	148	20000	5616	2	0	0fdb84e9cae56e228b778087c761241494d764e6cc7d0d42e12be29ce8b4e267
16	148	20000	6326	2	0	4a50e31a242c4e5e11fd8d19a744b2522d25c01daad73495b31a96b6bfdffb26
17	148	60000	6327	1	0	366dc0ac713672a3de8227efc5b5310d2307f4832b5f3cdf559b395a43599ae4
18	148	60000	6482	1	0	9279d0b5f586195809be038ca066e940d21a2f78ca036496185840929b362152
19	148	20000	6482	2	0	06bed4918265f8d36fc74bbaf3a9987abd68dd3e1dc6d5209873531d142c4a99
20	148	20000	6727	2	0	15d4b6a3f376e45955239e470196a38a867e6e948351a0f8f7e7720d7f7751b2
21	148	60000	6727	1	0	d921edf5e8919333b59cfd2b98a7144fe5248260f5cb889d4159b80e95b6b684
22	148	20000	16620	2	0	fcfbf9ba4921223c86d877a5df1c43cee2b4c4c668cada8e921a77f3d2836c45
23	148	60000	18525	1	0	7638a9d3c37f67090f4776628784b5ea07448f04ac7adda2bca62833c3907ad4
24	148	60000	18703	1	0	adb5ab1d3983173bed7f77bf3501018f3466379f3de95347f23a52e9bb76d4eb
25	148	20000	18915	2	0	e2fdf4b5faebbb884ec4475ba6db9201d2188f7c191a2770dd6198ef32d9c6bc
26	148	60000	18974	1	0	fc85cc146fd9105357bc151b44e8fe78aa9adcba5a006cfe6cc95a7f82607622
27	148	60000	19164	1	0	c28685e74a075d06d025e9fbb33aad2e61991badcfc3b94d28e7302e975ff66f
28	148	20000	19298	2	0	e465ed3ed85f5b56d37ef7e822c59e948a4c375764f182a2cf0c3b080ab64836
29	148	20000	19440	2	0	964810f49d91bfd9b5bab80a0bbca809147bbd7c2a1475f3c30749f5e8b8abf5
30	148	200000	19440	0	0	d0f2d96758596502dc3d55b74f0fe7fb238c89e7f5c450a9d90e1d2ae9470d99
31	148	20000	19440	2	0	96ead06cc1b4ac95c0a847b1bf1470112b657d25dde21b030e467aa07991ed68
32	148	60000	19924	1	0	1eeccb3af4b7e59e66706348245dd8f1007850704d73498933107f16bae5a569
33	148	200000	19928	0	0	5d60bbc9b97ce651e968f510977a320b1d69dead098d2accd3d035627ae6fac8
34	148	20000	19945	2	0	9af77152bb8b52b973613eeaefa42d7d8e855c107b7157a751b0f6c2210def97
35	148	200000	19992	0	0	aa2b9c385767cefe7418e5ce6d59402ddd7befbd63b7a1c0c5920570c8f16c8f
36	148	20000	19992	2	0	83d9247c3e7e9a5a00deb6955fa91e050ed5412677414fd0a9df893f9d6c99f2
37	148	60000	19992	1	0	fada9959af62a6f5835c3cc102779f0e988502c41d3c36bb04ff1779849d4982
38	148	60000	20563	1	0	3f29ec7760ecb6eb6dc12998438490d314061ee4ed36ece7010da25c7afdeab4
39	148	200000	20630	0	0	353168f212e3e98d4e71aed672b4e2252abc66ef709a104eed451d477f5b9c74
40	148	60000	20765	1	0	905ad065a7343f5350a1874c2331e35ecd95579c5f162d0e3bf0bf33a44b22dd
41	148	20000	20807	2	0	9ae9b9f2b12833bf47a4ebbf3aae769fc0f340b273862636dc4b8e40b2a907ab
42	148	20000	20807	2	0	387f94545339066f6eda5d224063e180754e8bda025d94a1eaae5e2c28b130e7
43	148	200000	20817	0	0	69e1d8818f4c4e84c932de23b3ef11211be00ebb57fe457811954d8cc271bbad
44	148	200000	20995	0	0	d0be4c2cf797ccc56cbab7b2df0d954c0cff97c95dfb39e4fd926e0b9a0a23e0
45	148	20000	21161	2	0	bceecc53b7fbf36c5499f2c0b7eac56b1c233b6c22af693e6599f5757fc96501
46	148	60000	21178	1	0	44afa9f2ce4b4c7e16bcf1d18c5b00726a7a5c8a38dcbd31f3f656d3db8f3aed
47	148	200000	21180	0	0	150f44c64616dfccd46d61a1b6379ac0c4fe62e4910f163185a71d9e6641a614
48	148	20000	21283	2	0	c8b634ea8df17827e7d46d5f805005235d3369fd690ef73dd5b29692726f0e85
49	148	60000	21348	1	0	33cf862cbb1d8c18859fb08de68a8605b0935cc2886b879e2ec4c37d14f61be9
50	148	200000	21349	0	0	940853c6dc01fb881ad750917006538c7b5e9156c54b5073ced8aa5174b27b39
51	148	20000	21400	2	0	5778b49b61126cba82d0f5745f64fd9df4b4d5c2248df8f551bbf9dcfb3cb418
52	148	200000	21535	0	0	2f85a55fce7e2c7ed7c954d9b0d02d404a144306b14e652d6ca4490980bfa69a
53	148	60000	21535	1	0	19695058b3cf70680b602f491d9a36fe8ea17b01a53153bab331ac377b6745cd
54	148	20000	21535	2	0	0fd7804703db4d074609d59e12b05c018bfabb027cd5cde3c8a947a816a645f7
55	148	20000	21636	2	0	97445b5ca858b4aaf5b053f027d9ac9b830553814c00f625932eefbf88e3ef81
56	148	60000	21681	1	0	855a393c43084fa863afa11305b2cb0a522ac01ce6fec03dea8a4db068c42476
57	148	200000	21681	0	0	daca47fd11dbd723a17305fe0c4b5d5ae6ce50dd53548e90ad1ca70364e254e5
58	148	200000	21882	0	0	ea8338522aff97b9a4a2ea26c858a004b782c743896a9734e548cd0193253fb4
59	148	60000	21882	1	0	3e438364707086cd2667d491241f64a871f3f2bb4794fd336faa4f65d88371bf
60	148	60000	22074	1	0	3b8470ce71298d65a1e0a3cfb467e84cda9b248e096228188b28a39b7af98110
61	148	20000	22234	2	0	3c9c86cd6f0f6083312e7e182b6e0ad1bc3a77d724bc3f13cc2cacc1f9d76cb7
62	148	60000	22246	1	0	2532a6a4291eb7d5788901f9b920badac16f1a45883ce947a5ea29efebecea3d
63	148	60000	22408	1	0	bed602451e7ebfd4e71d728b4934764b1ab007ad117e1c934c0848c5b8f9064b
64	148	20000	22552	2	0	7b426b3393a5424cf729edfdfe76b65a27284de7e6bce80948237c43abe7f671
65	148	60000	22583	1	0	106676ec6301c3f712c6cfa0702d63a903384b13d737b6777fe861f0a6d20635
66	148	60000	22757	1	0	5ccf989f770ed53537fcda6e6d74afca87d43fdd47f371b464c62a1aa8311d89
67	148	20000	22868	2	0	7dcfcc559d244fb653a4cb7fbf35324337e51d7a3c7bd882c3563ff144fc0778
68	148	60000	23223	1	0	f3469934cdd6055170098ebfd0e12a6300c0cd9296ad6011e2f3ed61e6629dd5
69	148	20000	23261	2	0	f85708dcca163c13628a6b81650ac2a382508ba9ebcaaaf3f251cc5892f12883
70	148	20000	23559	2	0	b65d05ec85153bb4c5caf7ad46f70cb69ff7aee519f99b12c0517ea0a6ae8af6
71	148	60000	23688	1	0	596adc31e4423e5ad059bf7ca449df8d98450cf5314ecd9c3f420418ebb8a666
72	148	20000	23887	2	0	031340ea2975114c43442284e3103de063d10f1c988ae11ebb79a6ad6605c5cd
73	148	60000	23887	1	0	2b9359d5e3cc36c5384c401f0af90ad97043c941a4a9a4af50b1cb8a3e578a4a
74	148	20000	24745	2	0	b53e5cff917160fa85a0b88ba8b43443121f4efe8ef72dafff7aaf22b5d2b955
75	148	20000	25404	2	0	0a2b98fbdd4a2417789ef320edcfc480898e5da645218049d95c54e3f1e91346
76	148	20000	25944	2	0	65f3c5f930f650941e17a064d90cd13d90b092a16d3eadd62f020300b7e09a18
77	148	20000	26259	2	0	1888da2fcbd8c15446baa79123242492aa42dde707ecd6e912340d1d0dbb3fea
78	148	20000	28501	2	0	bf72586fb265e88b811db6510ff94fbdb8cabfc7d0c8b1ab59ed7fcdc39d5b2b
79	148	20000	28752	2	0	3946ffd24f442052cce22d7b283f4df346c33b86e32b2226903f86286585eb3d
80	148	20000	29131	2	0	9083163679a3ade41cfe18465fb0662dc04f0cfbdcb97a3381d0a3fbcabae974
81	148	20000	29611	2	0	f98336cffc8e969fc81b193f41fd35c32409504357d5d49044e5ec6f79ff5b1e
82	148	20000	30392	2	0	dfbe88c415f69d56a96921d62a7f07420fd582c5b1a830520daff32a7a835e1f
83	148	20000	31084	2	0	d57c5b1d30e2a8afcc6153d49a29c3228b69adec273be80be28ab72083fe4f8a
84	148	20000	31828	2	0	21faa94b6ff990c85381c5163932b6cd2135bf2e7b0163de16ed89cc8a86061d
85	148	20000	32438	2	0	82c175c6d40c1c232ca6d60450fe25059287ac59289fcf37a18b941cf6693db7
86	148	20000	32983	2	0	3d886a6501dc33bb7f1c217ffbe7d5b519b05b432c298da1504a53c157530bab
87	148	20000	33970	2	0	75dce3d19bca96b54d6631519918da2b2da6ef83aad611a1632bdf5db5085296
88	148	60000	33997	1	0	8e597725eb7c7975669f5ce3503f211f9deca9c7ea26ad5d6129a6649048168d
89	148	20000	34504	2	0	0018734a381edb815463906d3fbdd1834d712f40f3dcacd9034c358ea1b6ea39
90	148	20000	34875	2	0	1a7ec667fd8b42a3b2e6550d4f5ff976ce13f8778b3f6abc2830b07837ce2140
91	148	20000	35246	2	0	8f7dd4822a2cfb5c093ddcb2a4a3c5b96f7cd78a40eacc00c02d18534f7be706
92	148	60000	35288	1	0	3eff8940087ac130600f5523db3fd51515bbe41e5f0a7ddd9609a9f87bbc4ed1
93	148	20000	35736	2	0	e540346c239dd27a9be3f4ebfb9454967922543e90ad377ea8a2cfb69de00b8f
94	148	60000	35745	1	0	28c73520018de8be98761b8c83dec6e305924a8ca71aab78b3cc79d676540d29
95	148	20000	36101	2	0	c13ae8bcf45cacf97bdf818459302a816bf56ef84fd8616b00de6aca857974b7
96	148	20000	36321	2	0	e1ec998b441c273bfa1ffcae0d68dae6890793a4e5d3f97044a0e96b27cb7344
97	148	20000	36665	2	0	249388cf0767bf4592c78b6a56b6e6da11b281d0a353d58f14e3fec5a3a5fe93
98	148	20000	37064	2	0	ba3d11fa3d4bfa08ac7ead20e29806c2d20ffcb962e2948bcd23131363f0f795
99	148	20000	37303	2	0	4fa3f50c19c2a0f56ed7137b71ecf5055a05085daa9768ce1647be934c2bfb71
100	148	20000	37602	2	0	84dadbee04bc249cef2df22f8c1824f1a5a86207129d5f70338ecaa7a5b78f8e
101	148	20000	37847	2	0	e6f2f84d7b73cdbb8f4f11da6c51b942491aaa20c3d8bda3b95df8d33953c489
102	148	20000	38272	2	0	4fcdb6e63da61c26556e5dc21099b93bdb627dd66547ab26df516faf5ab80cc9
103	148	20000	38551	2	0	c8bd0684e07d04974aa47cbcc8cb61b69c2c15d1aaa39475452132421efa2add
104	148	20000	40077	2	0	e27b7def6096c8f2d5d289bf82c6c42228b90a105a85781a350c7de88f23371d
105	148	20000	40384	2	0	3f114f008d581f9703d58b47d33f6f7c6d71e151b2a5daf0dd31701535d3c25e
106	148	20000	40708	2	0	44a3c8c04e1781354807a10ab0d02a35efdd3c5c0955d321b32b1507819f10ee
107	148	20000	41005	2	0	7a83badf563becbb68a930c95c59f21a9a6c845e4bb7abd833f7cce96f96576c
108	148	20000	41199	2	0	188711d6445427b13b7f33ad29247f592118be2bdb59b33682a4e25c2ff1cde9
109	148	20000	41431	2	0	0d6e080a7079fd8dbdc001cbd9963f3f4ef6b57288c8a5208088459b2f83be22
110	148	20000	41597	2	0	64ff37007845f7cfa96e0b61cb93d7fae264ec7e2eac6d435cae41106cd6941f
111	148	20000	41770	2	0	a16808aafcf047a99412415e508d8a110a31104aa1c3c724c011cf9876125ea9
112	148	20000	41960	2	0	d41b0d2ef1f73eefc177bb1bb270cb24d42bd3d84b69f43a69aebf4c23b17698
113	148	20000	42122	2	0	373e87f83643923a2b9b9113b49fc550f8511481d26f7fe004d6225dbb22d639
114	148	20000	43299	2	0	3c588917e68740186ce8818ed942a14fa7e3ffd6fd58bdf4a478f2ca7eedc1a1
115	148	20000	43491	2	0	47bc44e52af8064ed7ec37c37c3ceebf4c8ca9b0bfabebfee5b47aa98b976aa5

// vout
// id \t size \t value
1	34	1973820
2	34	2000000
