// parameters
// n \t m \t outValue \t M \t alpha \t T \t epsilon \t beta \t txsize \t iosize \t cout \t coutValue
99	1	12266303	1048576	13.4770889487871	7359	7359	34	1484	364	1	1390321

// vin
// id \t size \t value \t confirm \t vout \t choosen \t txid
1	148	12704661	78	0	1	0e427d69632d8373ed053ace410c77537eb6e2e9bd98e9024ab17c84ce08216e
2	148	971963	98	1	1	b99bd0d525b8805eacb4f06afeadef189b36e1db8e0b8bef0a2b4dd74ab7b584
3	148	1390321	0	1	0	d01c6a003f12448ed4e5db77884c1093db69006bb8bec44bd26171073fb5bbcf
4	148	12790142	1	0	0	81440846c617de3baf63be520acd0dfe4d27c73c3901b8ea1438c01d5032b1ed
5	148	6336294	16	0	0	d64b1987a1a09721d13f319198ef9333bc4c0e501d8e141891a636fd12d2c6bb
6	148	12805967	65	0	0	c3505156163f86f2da1588e27a2b881ee9ef3bfa13cfe0a1125efab1163d4c54
7	148	2078617	66	1	0	39a631321e259500edbd92359e10689566e97153ea89a6b9398c9b3a090c8f30
8	148	54277780	67	1	0	be6cd2eca8f77c90f03ef7515501a6d691a7b85ae1eb7f9f6dc318e88e86cabc
9	148	7503421	68	0	0	1ee42b53f98ba71220663ea9637b561a58da036140fe1de4a790a29ac449bfb9
10	148	1802053	70	1	0	51f239cb34c8710478233b4fc768c90c378975622191a8827f367afb0c3376a1
11	148	12736951	70	0	0	b9a12fbf0c7f27cc86feeb0cbc1c3b2c60fed5ecf8d2477ab46c1df44d49fdad
12	148	1749705	71	1	0	98208db2bfe781928c73cb55f7f7c86704219916fb90b19649c0f6c2a26a3362
13	148	38399352	72	1	0	ed8606f715755d0a7a199962b817e62feff8a6db5cad03ca06fb1944b3573d22
14	148	12778105	78	0	0	7412223f0094fac21eec5dc22c0c59de58aec823d900583c784dbc32e9f4f4d1
15	148	2622991	82	1	0	fbc5ad3164c47b77ca5dcaea9a7c6ea4d0ab0d47464d43e45ec65d8ce76c41f7
16	148	78851078	94	1	0	82d47a1ac0a8fe39a96c3bb92e9ffff10858ba503b7bcc789d2be65e37cd192c
17	148	9227777	95	0	0	64c3398c8bb62eb1fa6c46573cd89447bea947b8415a20d87697c4dd9e61e5f9
18	148	12467603	95	0	0	415560b7cff5de80882d35df44c5613c7caee89b1464e03739680c8f257c6872
19	148	1192428	111	0	0	b770314c753cb2102051f960fff97cb34f9ecb86487b997380507772c8069025
20	148	11578033	111	0	0	53f9616be4c2ba3ee13f83bec91864eb88451804581195ccc314d76f8c0bafaa
21	148	3722314	7358	0	0	2f53a378c4b57c40c27e177c19263553df05dce2bc52170cd522bd8a726f9492
22	148	1237213	7360	1	0	0b213b635f2bd4cc1157c266c535ed83a8d77021df560e2d22dff2d8004597ba
23	148	1532714	19803	1	0	94372bc5db78b125aebb55a976fc9797dccae3b76419355be1d02dff65c2336e
24	148	2229172	19803	1	0	b8a491330ed37983e64cfe8b5eae0fd22ad61daa72f37c29d9c53db2295883e4
25	148	1964909	19803	1	0	2867f7ce18ddad714800373271c973d7592cb93ad7637120d07004264832f7e4
26	148	1440408	19803	1	0	04cfb101e047e2b8cea45d89bbcba49e313a7ef9c52581d0b911944d19a68cf1
27	148	1534468	19804	1	0	403dfab700dd650fc57b2db80a13c8f26c5af00e60d79315d02a35eecdec1426
28	148	1336713	19809	1	0	6798a916a11a703fa00d998253ee65e9de290afdaa6f17efac1f00a3732c4088
29	148	1210283	19809	1	0	f8da715922f9401def5ba6fa04bfd66d3db86e8cfd65e613dcd6ca2a3e21ba43
30	148	8260429	19812	0	0	0b8c06da8c33496940c27d6a0621d045bee7f2aadbcc67200dfccc75799c32bd
31	148	9327588	19841	0	0	dc7a4aafd8e938d589a85233018ec70ba34a3c231fd895615fb4e45ccbfbd782
32	148	8460234	19841	0	0	8b8508277987acd95a785c0e5ae8027ab1b656fcde395c360d39ba0187914077
33	148	10204192	19848	0	0	17346f84ae15e5d1db1b1adbdcbf966092c36a40d5cf5459bb0e8bd00664121a
34	148	1251571	19876	1	0	ff47c9cffdb44977d36ef40e43c518751a06abfa42e28fbef57e1fd50c3cd101
35	148	1341721	19878	1	0	89b9286d5d1894d7e934d6cf3b22fef5e1e0b31be14950df082c0748d16227d4
36	148	1641761	19890	1	0	72c833ccb3e437f6dda82d31646c221d3b4f3f27e2cddde2d02b13613c5992d2
37	148	1243865	19891	1	0	a1d1c71ee80df2827a90daf256e28ba4b62919ecbdc25c073a58a787aa055738
38	148	1304350	19891	1	0	affba2044c359afd64d9eb284c60e0f1c2752a2fd5f364589e576bdf2808d77d
39	148	1294104	19891	1	0	a1800e89d7ed7bf6eca8d52de70caf000ad2deaba913ffd3e445ed6434fe23a2
40	148	1225931	19892	1	0	0f63111e975512d991e3357b3b6d93761c1a4e2ace9563d142ff7d172ac74f9f
41	148	1304321	19892	1	0	cf48189223c9f4ae0266e05adfe6b2ce872ba41eedf435ce1a486ba898241065
42	148	1229145	19896	1	0	89af7871e355e4cf028d8a92df951a5affb1d32d1f1e0d9ebf0ef6d7f0d014b4
43	148	1219208	19898	1	0	8be41a47616b2599ff9c030353829691bb8fc41f8187aeb9c0ac8b62cb7e5d9c
44	148	1296721	19898	1	0	33ed747e824082ad381c91ea3087e104d437c0cd3d06b7dd84863189c6048456
45	148	1225604	19899	1	0	9ffa8f9a64f490ecc1b14892de52130478638f4f70d78feaadb9a1ba010978f8
46	148	1311093	19899	1	0	9a8a71937a8879d3f6f7b9566dff5fa9d2baf6167ebbaac9ba6b01cbe9b0c85a
47	148	1688423	19900	1	0	74cb25634446dab3ae4bf8026f7c587e35615589cf03fff48684b084d783d111
48	148	1296175	19901	1	0	a32ec7a31079f02a6cd158b16398238e309b0f7aa345737082fd47d9a79ea219
49	148	1218407	19902	1	0	faf62f4e54ef53095a3d43e3f5f33e5f7d2d576ee1416462fee0da34200c8da1
50	148	2034878	19903	1	0	89ba50d9a288df4adbe573b0bbb625f786468f601fcf56e0dd95b8e25493b589
51	148	1303427	19905	1	0	3cd503ef1fb4d7b581e24b57a2866fee9ab8417b9d1a546a5ab5352f9c54ac83
52	148	1713788	19905	1	0	de5411e4aed0268935775e8b2e7fc83606278cbdb3d9cc1ff54b407dc5ed02b0
53	148	1695048	19905	1	0	cdde21f51e225c24463e80c8f1e9eb63c40be5914e20dce2533ec9f3ff82bb9c
54	148	1520310	19907	1	0	db20d5daf5a7eb2b4469e3045ed1d153d4c9c5f06695b88dee0c329202870c70
55	148	1568162	20087	1	0	4a5e3e009583d648297657f86f7f2cbbe5ede9604693bcab5c48dcbe624fdb71
56	148	1469958	20125	1	0	3d89d00900f7763594dd88d8b95ccc7f0a731c460b1fca33cce5512f7519b134
57	148	1209649	20125	1	0	11b87d0177b4d8a73759c93ec0c3b61b41b17a630ca488023e3e5f4b8d258770
58	148	1416007	20126	1	0	f5ce10281fdf4ec4b72c484806ac5fb5fe580bb76d1c60fe991741ae35db94f7
59	148	1696680	20126	1	0	bd4d91d00c619cfdb2760529957811ff86b84e8ab1ec0bad41254db95f270844
60	148	1654032	20129	1	0	786ab09b5edacb633c66a3082a1d897566b0d27f67dfbbd19745a2ee9563ae93
61	148	1316053	20129	1	0	df213888fafbf742d26fa72b1c802a50470a7538d81690f1ea647e008114b18e
62	148	1045409	20131	1	0	ca669ea03027fa8516079da791e4eb1ac1016baa849481ac7fe4e80a38c4626b
63	148	1350278	20131	1	0	263285b4767135e9034c3a44577b9edde80cc06d37a357d09ca92d1841fa2db7
64	148	2242165	20133	1	0	78330cdacb07c9793929c43d3955165938369b0c1e6aace13ab557c11ec8c66d
65	148	3131190	20133	1	0	7e41de5885a8e9a93f7c5c4906b197f085fa96c60f8b443d0abd52a4e01bf426
66	148	7556331	20134	0	0	0ed74922dd8ae161862dbb8b1fcf89cd863bb6035859abc6760753d5f0ac086f
67	148	3422634	20135	1	0	6174daf7b556aaca367b288fd0c8f12aceb68da9e561eb6817f591340537785b
68	148	7493461	20135	1	0	1c9c13b099bc1c12591a604b3b84e4475439d63e32571a92c842c1819a1c6a76
69	148	6588404	20136	1	0	9baba76550d37228232beff9040ab9d25a60d05334e755e2f14db5ec758359ce
70	148	3150612	20136	1	0	917e344b639bd44527ba4580c566a83b262c557eb29a7f5162dadf84e10a8c77
71	148	1728139	20136	1	0	abaaac483680e3535d5bfbf898c2710b6b733fddb692b850f35eb1271591f9a1
72	148	1547942	20136	1	0	3a766a9c5fd3ef79978723e97678513c128425bf2879ee8005338cc9d8e4e645
73	148	2058045	20177	1	0	9b9e75fb0451aadea3602ff8beb89bef39f3c0609d2f887ea63215b7154036e5
74	148	5677311	20235	0	0	3737283ad71f8d50e03dd910057ca0f5431c2d299e508f6bd2df2771028a1472
75	148	1273962	20236	1	0	bcc2ad3680eff35fbb90bca69ae33bbce73d423ec3bc0b61dfadd849c3f8ff16
76	148	6605932	20265	1	0	0237564472513e994c65e0b12d53a4b217e4780dd8b3a0e9a693e54fb14e61f7
77	148	6179948	20266	1	0	7c2002416c96bb23e6b8246087d42b3b2d23258be174bce8cbf4f7288d2faf1f
78	148	3697422	20266	1	0	57a005292d949f1d00a1f9b7efe3ad586e1ceb4b28ad01f92534657adf5521ae
79	148	3259590	20272	1	0	09610611401fe0f04b4da02c535c908a980352c0658c546cead2506faa56ef8a
80	148	3216818	20272	1	0	3f6438d87a9128ed12de6316db8537a6f0fc91e93c8958b9ebd5bd1fb49fd22c
81	148	6178689	20272	1	0	3d02eeda05cb05d51a032cdfb701e2e6b635a6c3ec5a68c503742e4ab4b646c3
82	148	3254800	20272	1	0	7f64ae3aadc4ad06ecb6917970919c0542d8c8552a5393197d1bc3c0c9a6ab76
83	148	3334892	20272	1	0	6d6f8657655f82351f19c9a9ebdb3b9b7d3efea6f30b71b3f4d5f3be5ab82632
84	148	5145055	20275	1	0	1870bd0f78cadaa9b362312b1d6f6ba6cd5d9336be1a895a6449c93ec1b578c0
85	148	2539945	20275	1	0	e44f29785948c7ba88d7f572cd5b82bf332c01bd5bc908a720684388fb46f90e
86	148	3768050	20305	1	0	c37a46d2465b78d2b97a7163eec5fcca1506cdd00998e3c842d467d69a86ad6a
87	148	2830591	20305	1	0	2313c54ff877e8c6919357b53f5a9c604f246cc27e6da3c8eecbc310380ad69f
88	148	6642083	20305	1	0	38881b5df27366a088a2d5b0b23dfb0a24df839ee8896b8c4340d5e83397cfc9
89	148	3537790	20306	1	0	2bbd09b0ae2aeaf2e5b65bf1cbaae5493acbfcad42f4555aff2ccd7a400627fa
90	148	2791020	20394	0	0	27d774b0765eee97f7423785a4c80d3cea36adaccb5fa9f4fa5fe0e8fa68bfbe
91	148	2034580	20465	1	0	df2f04938037879a788847805f4c52a478c8c17480fcf1f2e02e537221c6b39a
92	148	2227194	20478	1	0	f95c5608460493cec6b3bfd9e300fd734179de4b5d7844f96dffb5d5c3b61016
93	148	2619658	20481	1	0	d6b422b5d21b031262198987b206f26cfb76210d39fd67345aad4ec68ffa9b5f
94	148	2233145	20481	1	0	3858925c372f0ea27decb2e7aaad270f43958098827883dcb403bf09532c6ff0
95	148	2515490	20497	1	0	30e6b933b8b497379f751d25fb34bdc8d5d7c56c27e22177718981c437e53c12
96	148	1795803	20500	1	0	8c41c9397fb76d61fc204231d5049446fcd2ebf6333eb7fc1087c85773134866
97	148	2399638	20511	1	0	b1b74fd4d41c2743a9e31e77f402edb4ea51b76764d2a7bf2138add6df18c372
98	148	2759259	20541	1	0	bf13a6f9ce7f5be690dca779a1131c0d78f1da3ac4f9203d97fa27d5bccc9f24
99	148	1968086	20541	1	0	33206ae079192b07881ca31381050a604366328a7815f6e7a9b9732cd1dddcd9

// vout
// id \t size \t value
1	34	12266303
