// parameters
// n \t m \t outValue \t M \t alpha \t T \t epsilon \t beta \t txsize \t iosize \t cout \t coutValue
35	2	14886385	1048576	10.3418230563003	5647	5647	34	1492	364	0	0

// vin
// id \t size \t value \t confirm \t vout \t choosen \t txid
1	148	8715029	7	2	1	1d0dfb22f427e1ace7ea13c9d749c77afd7763ddfb9fa042164aad32a0640e3e
2	148	6186786	27	1	1	568823b981787adb55d27af832c6ebb4518b72ce0535d28a64ada522761f0936
3	148	102193	60	0	0	82e29ed1912b9d1192e7656b99a3e28fb2663bf6ca7e15a97572973ce6c88d4d
4	148	18776	5632	1	0	35583c6ba5c15827df866a6fa748448d97cbadc8e3df3c4d10b82b17ce81c675
5	148	57076	7309	0	0	824ec1242a23b6035650f1c13a054a747f6fbabede4f8e0c51accb896a7fb405
6	148	71906	7500	1	0	0c429ad5be4fe2b36ef4060457ad8517ec90f6a352013812b0761f5679d248c0
7	148	49648	7646	1	0	a3485a1581d8e43eaa73982cd5b05c2f2fa2a1bdf0b69d5ee5caf669d6341443
8	148	76967	7771	0	0	f0dd73e0ac9e160d26fae64dd478c8a0f4144250851792d4ccae44204c4cd4f8
9	148	52672	16540	1	0	445cf51b3ed6022e4ae088db308fd9631f6376a6424362323562051c6961f163
10	148	84554	16729	0	0	5c346762d89bfe941705b70a942e240955ebcce5a8170b9738d701036375bcc3
11	148	20873	17732	0	0	f40300438afcadf7848ad352443b05b678721d4ab67b1bd3d95d53b41d1eaf30
12	148	33185	19335	2	0	6876a8d538a2f50f7907b5dba7a96c138c6298395ed76d1705891b398034cee6
13	148	41374	19384	2	0	24fb7d88ecaacbee2e72418983be4aa7182e572aa2e71bf5f9c480b649d3315d
14	148	29657	19844	1	0	8a29abc1ca7b06736a8e995d0469fdc804ff49f97a9ad9f3a19ab245fb0f42cb
15	148	29426	20184	0	0	cc608a0a258eee610483782eb110acd82225a59d0b24dea0209d652c3d6d935a
16	148	47862	20209	1	0	dc3d43d2e1b93a177703e4c3d9a208a1353c142e34b8b025be92834e4f9f24cf
17	148	37767	20339	0	0	eacfeb4d47013396c3d7e87bd067cddca2b78c3ac89ac07845f7de25e41afb6a
18	148	46385	20389	1	0	b6a59f5c03c14a63b9d419b6fcf7bba09e57e8fde7eae4b9c36ebc66965526af
19	148	42448	20484	0	0	7bee900da2ddf103735114be880dd8ae5c55ce8c77e66e91127971b00a47b4f5
20	148	26009	23688	2	0	6fdc63b42616547ba523f737a798f04a539118aee7729eda4c3369a8b936bd53
21	148	14713	24478	1	0	12c428ecf0d69e70228fb78257a16ac47b2260fb62f5f4d7b32a80115a01bda5
22	148	17328	24521	0	0	9206404ea2ce347692263042cf0866036fd2e4807b812e42e44ad35e7f1180d5
23	148	5851	26732	0	0	7676a7231a599e0b4ad6a72efd9bb11ded436508348a393efe3ecd9c85e1a2f5
24	148	31654	29895	1	0	62ffe9379a038eaaa32b0620fb620d23ab533c383b04055aa82d8ce43cb4d1cb
25	148	21617	29935	1	0	d8945e1f074208b2a05fb4c29cfa2b4a160e749e750121b3795872a59da2a575
26	148	21734	30035	1	0	37e4e9eb9e0040e10cf3d809329dcdc439a2311ad6c90c54fd6e6da67ba97c37
27	148	31434	31094	1	0	cdafeab55f29978d383264f4f5f768d8fcc64c6eb2700f76192480a6bfd07570
28	148	7290	34330	0	0	6d6e684d1f4f63bf980c74c4bdc95588af1b4a1d8829d491237e0b4ea5d82394
29	148	8181	36989	1	0	345466bed7ff04a3ee1359ab5281c63b04f03736265e4626d7538e3a03090596
30	148	9628	39017	1	0	c72bd2c409730937db73a08958e663f5163fd68b9111f35432fe8f75c55b6c45
31	148	16686	43863	1	0	d2ce61b69d5fd5165e4221b6b75a2999e8969b7c1da8979ab47ebe39467dc562
32	148	2368	45634	1	0	56ec152633b82df71690cb9a3a9ab7e8dda8d42a5992b561d9eff365d27774ec
33	148	18561	45964	0	0	c22daf48486dae5ba5caf8f9edc02b8e23bd33eb4d4b45d9d5f4a138aa6fe660
34	148	9193	48665	0	0	99cb2f744947263b085f4684d0ecff2bd186d753be71c71025e067958aa84a2e
35	148	14591	51483	1	0	f3dcad85546b9349fa37f60e353d8e34b86299949891e14b2dc55290d3b05cfb

// vout
// id \t size \t value
1	34	10000000
2	34	4886385
