// parameters
// n \t m \t outValue \t M \t alpha \t T \t epsilon \t beta \t txsize \t iosize \t cout \t coutValue
38	5	35146919	1048576	43.9367311072056	23990	23990	34	2276	500	1	1299539199

// vin
// id \t size \t value \t confirm \t vout \t choosen \t txid
1	148	21614846	3	5	1	fbd9abb47de2c9b242d0b24a7545a90d4d87f846f9dc981cfa2c73f2d2c98f34
2	148	1313171272	4	5	1	26f99f71ee3ae6fc53a64b87a1cfd2b929285a1e51dc2868e84a75c3a19d1fc7
3	148	1299539199	0	5	0	e0a8736ac8e73c059bb2eb3da24e74f747d2f10c14453d47ff2da22259ef3959
4	148	7505521360	5	11	0	0e623cb167c51486ce8fc643a7286f014c3e73bd5a81837b4cb956b5371db559
5	148	106979164258	287	5	0	0f2a6765ceef9f85436f47a449c8544c8855cd2b80a4b50140899d673451c0c2
6	148	566271674554	567	8	0	af30f6cd7c26c50cbea5c281ab0e8b360d27e6aaeacc68f3aac7a469381b7e65
7	148	1267	3099	0	0	5470d5b3629d40cfa064bfa069be3a7cf97874f18e3c1f436d6e998fd1b8220f
8	148	666	3154	0	0	e1c5d50ea313bb7bde4d53af9286b5b537ba0b8615a8b183d689eb0784def31a
9	148	17715447424	3924	2	0	fe061586c855d63f2e7809fc692db339696f115acee9e22a27a2ea26d9aa2ef7
10	148	16743499706	3932	7	0	8d0d9af52954482fcaa0c89f872a876856be97fc920742ce037d9a48e33d06e2
11	148	17442825639	3947	2	0	56bc7365b57c11fe13c9fb9a93411faa38db200b5e8764f16c2ecfb371857bf7
12	148	892601563	3976	4	0	138f5fa24f5d7294e695600aabeebbf674090a6c495dd600e469b8e9faaec648
13	148	99224996	3988	3	0	05050fb24486a63fec65e23461b2797f2a9b050d274e5a0f66f6973070300bd6
14	148	68834400	4024	3	0	ee592943b78b860ed4d5ff4a0724a951ca7ec7006b6bd93480f61088ccb68f6e
15	148	714	4195	0	0	6888e8437cfb8fa69d59e3c068a5713620a68ad3924441b32201e95515dee45f
16	148	777	4554	0	0	1740402d616ed4afaa49faa38e79d10d64aa3d2c80e60b4d58740eb2a2cf90c8
17	148	2000	10668	1	0	a229db9efe227e5443d0dcb0c43fa31333bc7ffa85d69ab9f6cfdf2a6ed50085
18	148	2000	10713	0	0	2d159455105c6aea0479383e271e27870d1e2fce3e2d8a372ab9e9e4fe5b0939
19	148	6000	10714	0	0	f5046deac03536ba035c32f087610a83ffbb34a8653c2d136ef0f82f916717d2
20	148	2000	10730	0	0	bbffbdb1d5f2c7a739aa1902618d37e1a7bd39c8897c764c35643567e52d4bad
21	148	2000	10732	0	0	47386c67b34d085c5eba372b5478f7e6b4d746e7d68c4a36fac3d98ca4c74703
22	148	1680	19958	0	0	716926b7c636d1f6717f181f7e8dca9b0eebf7d72ee500de861387109f1d3ccf
23	148	711	28558	0	0	d17bb55255cfe582758bbe9e1bd9d9f12005ba79a23df1a32d0ca5a9827cf71a
24	148	692	29783	0	0	b27c602e4490b427cd64b97e4adfc575f310749c666732466fe8b88c0155f10f
25	148	713	30952	0	0	bd2352a0803ec9b83be14f9fee05347e39bae990e37a9ad699bfd2eeb017c59a
26	148	1000	40172	0	0	c045827aaba9f2cbc4ff8857e5a765c0ceee504ecf306eefdef698122a44c02e
27	148	1000	53251	0	0	ed9f507f47568117eb37b4e6937f21e475b4fdb9ea11fb5ef5886f097e49e67b
28	148	1124	54933	0	0	11fb9423ba20caf3c029cbcdeb5935490d7594d1b8003c86840bc6b898055b3e
29	148	1000	55141	1	0	bd9e77a1e02f489772707ee6d54491b49f6aa36b4fed83b0c0b6a8eec4360c72
30	148	546	57182	0	0	a09cfd2eb16fb5774467db891a3657e58ebb7373c8e6b71b40b158f40e7a9f16
31	148	1000	65260	0	0	de97afbcad8ca9d6f7da60bcdc38a60cbe95e8056afe6d0d101626f59398884b
32	148	1000	65260	0	0	a8ae07ca3474db7bc8f4e43cfcb256369b0b92f6d67d79b7b36fc8af0a30296a
33	148	1000	65260	0	0	a8a053adec91ed515fca0fcfbd9910ac8b3583f79110985ca0687466f452f6b3
34	148	1000	65260	0	0	2b10b9d42ce3452187cf454000b6b295ad39a1f1efd653d42216cbdce69ce904
35	148	546	73470	2	0	fc3889c0299fdbfedd08beb383a939c3d6282a51b394b28ef5905e74ef310716
36	148	1153	73851	0	0	12e601cde55fac69679839fb876882a48271b60e66426fde570e7b32619c9d19
37	148	1000	74577	0	0	1d151ea0afaa6154fa6c07ffe1b4a86e4a425517470e694bd1b7193984a34a15
38	148	1000	74804	0	0	0aebe5ea95c0bbd7fa693d44fee58442a80e25b10369efd41d6b4780d3e56b6c

// vout
// id \t size \t value
1	34	550000
2	34	1234300
3	34	6026482
4	34	13474451
5	34	13861686
