// parameters
// n \t m \t outValue \t M \t alpha \t T \t epsilon \t beta \t txsize \t iosize \t cout \t coutValue
37	1	87584000	1048576	1.25198412698413	684	684	34	6048	1252	1	3903851

// vin
// id \t size \t value \t confirm \t vout \t choosen \t txid
1	148	6703469	167	0	1	03e465d2fddef39cb719b3a58e60b372d4b9aeaf3dfab8b3dd6d73834824782b
2	148	6647238	291	7	1	09012e3ffba92292746881dece5a09efcef4e31edeec35ad7526f5844b1c59d3
3	148	5593000	185	8	1	1ddb56bf1bbd4931034251545b51ea424ce34bff757b752f7c3ced074d8b311a
4	148	6943348	106	1	1	2e73eaad63b3a1d0374d3f5f6a8a2109c9326c55c84e45e703b9e55bbf9819ee
5	148	7781760	33	1	1	54b428271080b86f1e44f96c2a331f8eb9a13abd5ac5992d08782ebad6391fc6
6	148	6932306	185	1	1	5de8ac9b9458aeb4810f7f63e18ff5905d5f7cd384b6978939efc47848ad75f8
7	148	45216062	36	1	1	9db3d0d38b90ad7c4f25c7ef3e5df4b4c49fdeaab10bf7d0e0fd3fdfb85d2d79
8	148	5678240	42	1	1	df1f67664e651c287bfa48f4a17ea70ee7ab57167d537d391dda06b1ab353a73
9	148	3903851	0	0	0	4d3598cba1221fb47521de4139fec391209800d59a24d548da31b2c1b689d043
10	148	1646258	4	16	0	cef52d01e407953e283b63b8daf00592d2f98fed14ef0bdb217b39fa0a961ca0
11	148	3710249	37	8	0	dd2a177fc4dafe8e0b36e3130462a747318f6f7d4ab551d547437457ddc4fe1f
12	148	191047	118	11	0	f6e5611a1beb66eac1f018dafa2b64729319a3bfe160fe3c71bceb5d5ef7e689
13	148	3010750	118	1	0	ef194723486d06845d5f067676bdab4df69273209a7aa5bc7e2d57276b8347a4
14	148	2998750	119	1	0	cd5c38b7a092b180694610dbde561736dd0cfb684fdef15df13d0c273ec12f2f
15	148	4238412	134	3	0	f74b4e1b14d2671c2f0bb60e7c069409e2472015c1b6bd5a68b50075c8655911
16	148	548000	138	3	0	39bafdbd18a088857afbfe6eb2d0f4a220efe5af44d85cbfccb3654f3996f5d8
17	148	192202	192	10	0	b9c5c9db94ee7856ed14a2dc513689ff5bf57b2e441430bd84f4bdb4738368da
18	148	1027282	192	1	0	030675ecf4d7cf28327c94ca25f2d67055db30053cffeb73b4683e594c4b13dd
19	148	264604	272	18	0	897f777a5cde587253077de6cbe646e3af06b23f559850a37be919c501459de5
20	148	753190	287	7	0	794c8a5b2cc8b5c9706e7c8b181514d1547c00c045d5698086da44a1b66a118a
21	148	719768	300	0	0	9a448536cb4ac7b3a7939cba3250d63987441b10c908762c9cb6f26db2c558ff
22	148	387895	310	4	0	6d26ea6e5648d0b25fcfa056f65465e32e50ae96ec0b6e2a464327d7d8633018
23	148	919103	332	1	0	bb47b2b47856ee02d47cfa7e7a95d723224cf0c9524fb3a5d67bc1b4a4ce038a
24	148	192388	340	9	0	9e8b06ba0cb28a6d5b76a4e8afe82387752cd563b8e8093cf09d6e1b561d9826
25	148	309977	419	4	0	8b239293ce50ddb6877a53ae89a3afaaf21988abd6cd98f1d7631592f188ea5d
26	148	192980	427	25	0	14d61a3ca841393301637aa00405fac091a984a38dcb10fc381a2ca383ffab6e
27	148	180950	427	0	0	5e2175dcc1b35a9f1069020f70e377b8dd7d34f86f20a8ab124330b4e0def2c7
28	148	112752	448	12	0	f18ce9d292853fc0371e1db7b89938243000568bc2cc4695d8011ba407311c49
29	148	164986	890	0	0	f1c47572867e7d548a88428f4aa03392c201bf329c65a22628eb18e66c4d60dd
30	148	87064	927	0	0	31852800d8df4c12cd4be9bbfb7ab7413898ee2d1414f972b6601c5f7e8517e5
31	148	224432	1051	0	0	25227005745647aca32c371198a96cadf6e185ecba8e1061a9cc5fafb90b81b0
32	148	119898	1336	11	0	0374ab93de1c3fe17f6075b411cfb943431f28a5aefa486ceb5ecf0dc6cc3acf
33	148	219378	1529	9	0	793ec7d0d446a89f9cb0b8f38cc3c414e54737a37ef34672190cd6edf731bc3a
34	148	33844	1690	0	0	01958f2bf6c9d46ffbf1c57e486cbcc3d7ce350963de6ef8fe8a540575af7ba0
35	148	7355	1773	0	0	30f426777a4c47ce4cda8e3136e119487d5857dcb32f2e3662b15c3f9224a2a9
36	148	19384	2207	0	0	4251869d6f078e46f7cf0c05ad3d635ae5386bd25501e080c48482c5f0d6bb5c
37	148	6221	3483	0	0	8059387a892440a0d187ad5b77380e097f0e163f275f6024ea451f989bbb6822

// vout
// id \t size \t value
1	34	87584000
