// parameters
// n \t m \t outValue \t M \t alpha \t T \t epsilon \t beta \t txsize \t iosize \t cout \t coutValue
255	2	36351379	1048576	8.76307922272048	4785	4785	34	2676	660	0	0

// vin
// id \t size \t value \t confirm \t vout \t choosen \t txid
1	148	9683603	9799	3	1	55fbde9b3b744781f1b03c98d98f7daed9e1e2ed097a6193b1a78c70cb0a1483
2	148	7656996	4380	3	1	7dc04ab3b21c2aa96220c93ed3833bdbe036ff751fc659672df705356dd4cfdd
3	148	9029060	2785	31	1	b88db3b73a0b796961887c4337792ee685f24ba226d19ad6e535845b950043e8
4	148	10005170	3775	14	1	fb629616c4c536501cf42d44a162a3515c77e49b7cb7ff72f4db2f83d9e1b6cf
5	148	3040000	255	0	0	6f6adb596eee2d6213fdde7a6d99d57e72941178e92a98a25872273311572389
6	148	5824007	258	3	0	37927237294478bf73dabe9218536840e584e0d1c4cfa1ee3577809776c74401
7	148	3074090	307	25	0	dfde93b5716e87e360048d2f59204e6e149b2697430e3af0ceeecdc45f714e7d
8	148	3013169	465	23	0	db7c83870aab34e3bbca13c7482ee977f94cb69eb596a52a9c8bca48a3fbf9e8
9	148	2908794	467	3	0	40a1121b374237acca65e0c4dab907c42b3f1ea195088dbf7f329f06cdd92370
10	148	3165776	579	26	0	5dbd1f9b342c98a4de8584492fe45aa3e33be1603af544e272638bf54ba9f90d
11	148	6751765	753	32	0	36d6be17ca962ab3d9c9094cd0ea414650d4a919cc7fed0f28b05c4cdcd65f3d
12	148	2834864	867	0	0	1f2ed9ab3c3c52c209360c309070bb0ddccd588195465273f777d0a74c2dfafd
13	148	2309868	897	27	0	67a9123f699d7b94d61dfe94ba4072297b2758f48b1311c1a0d37ea8f6327acd
14	148	3496000	925	1	0	e47ad9ed3981d0f3b815b4cdf30729482e59ac666439c434bfaccfa73f06e00e
15	148	3652000	953	0	0	da6e29b43526ca60ef0dbc0b9a68b239b4bcbc6375a48584ce8d5317612e3c39
16	148	2507400	1092	0	0	53a592b9ffe8f16407ef25de8384e30d4255b696583133f6a8d245e5fdaca695
17	148	3667860	1355	1	0	2de4832215ea7c8112dfd1cd9c96cab026c6d13f2eca2478f7c9eadd0203b0a2
18	148	3390000	1387	0	0	bd4f9eb7eb2f0c1943823bbdfeebbfb87418d73fbbe9c10c6a397626e0db902a
19	148	12558831	1622	8	0	8b20324a0c6b5422dc4e3ae88be2bbf5094188a9b40383cbaad9c5a80171d710
20	148	4250000	1713	0	0	54027d83d212d4690f6a3004e65683addfc0f0f7acee41f3f0f0ee6ef965a629
21	148	4367744	1729	37	0	9d6aa72367a78788d40b5083934e0587badca0a1703b7a2cde370672f61349c4
22	148	2999999	1843	14	0	63d1df48b9ecc5d742fef3cc012cfa94bd7eb5fd9213b643d2f1de49d1ae989d
23	148	3465000	1990	1	0	7374f7db3696d165561cbdd57ed4a3df549c5dd1b0d0659319a138f5400a0f19
24	148	4781405	2012	0	0	51ff97d44103d473337fd1b90deac3c448318e83c764f719660d164010104af1
25	148	3508797	2022	11	0	29d3c329aeb361eb1e6abe4644e659ee8896ab40b5054e18f89554ea70e2c455
26	148	3618321	2330	8	0	39d90bcabfd39f0cba3e493f6f3ce357468aa23286185108bd0dd24b10854ec4
27	148	3717084	2364	13	0	996a90bae76219164a666047072f38e6df4c2bfb83aa8bfe0e763adfa4c20e36
28	148	3400100	2381	0	0	616237ceabe7a961dd3b7a8ac0efe08dcf4ef35540d51b86df1c3bb30ece30b0
29	148	5000000	2489	0	0	e9c99b620e417fe8ae090aa7890647ab1ee6b6dd0a6c5b3bf42aece7094f76a9
30	148	5711346	2600	17	0	60a1447d8c88692812555601f6f4fc3dcf9bbec2dc4f1215c659f78547bbfb77
31	148	7562510	2621	3	0	0236f7e41039b79b1bf926627ff551dfdfc95fa42f2a33689184897d853b606a
32	148	6402000	2815	21	0	8871748148c9734b7bb3488e1ca1eaf49bb5b7c39ee3852153aff5bd43f67747
33	148	2098300	2947	9	0	9f52dfe7905a6d65d5974a8611c70055ce3be83d84e842793a889b7ea71e33a1
34	148	6545713	2958	15	0	9e6ce7b17bf711402b8c9bd9edf0286d07784bf1dc60e295af17a387c38dd53f
35	148	5276735	3063	84	0	661f8bdb772f776d303010d47a845788f659b1c07e52e6a7f3bb069c78a34636
36	148	6200000	3709	11	0	4afdf27dce84b5db400563d0169972c2f69820645b5b5e8d5378eb2f40e5cb2d
37	148	2894470	4047	5	0	73f0e5acca78eaa4b73b05e7c4d5be80f526e5e749970276ab9f4de823d4f177
38	148	5888439	4068	13	0	c85c46f11c2afb09d3d916dcf933e7a21039b0ee02d42cee3fbfee44d03ddc5f
39	148	2707179	4106	14	0	7d96e6fda63c9bd1a45b116b56b0957743c052ebc0a4d42a9c8bb7b1346c3a78
40	148	4125480	4196	21	0	4799e3fc559b4a5da20ab3bb65ad97f6b17dbd0381cb1d092689d27163e8e349
41	148	4161667	4240	5	0	812600f55edb8128a343036962aa689d810dfae169e542fef7ddc9ed169fa04c
42	148	4129000	4494	0	0	cc4352c40846a6af35d956e61be87e9ad3bc29d7a1a2002e8bf56bf69c999421
43	148	4468371	4866	0	0	c347da9bc5cef0d2fc19c581b78eb91e8764ef3e11b7b9555e532af86912c3dd
44	148	3881000	4922	1	0	3f3537c0f55cf3b1c5d99bbb8aff7ba811cc32a9cb8b0aeff80398c60ee23602
45	148	4000000	4946	0	0	f74138ebfd28710e34315a30a81728b3ac97158665aa2f632d05d866bfa93e59
46	148	3987710	4952	0	0	209130ccc239a9f9ece51b5bd888018098d9cdd29802f88ebc153b20e49f3439
47	148	2896000	4971	1	0	7a946197edaeb1598b1156c8eec110d49af8899f891e9bc727ae582a33238f7a
48	148	5509514	5020	3	0	65f2170b38893d1d64823da7fb517a2ff0c820f59041f5e8cd9ef9e46a6da2c9
49	148	3137399	5110	24	0	4956d457587d410eb7e343c564be589f7e17afc0d0a1fc64f432d47c71af07a6
50	148	2814000	5242	11	0	c7600121436e5f932c12a87e8a9a2961e98b77bd9d2fadcb7dc43e2305a82492
51	148	2565022	5299	2	0	58986a4453bb6b7f53a2d89ed7298aea20920c430c943f8a27f10a2a21bfb7e4
52	148	2591924	5346	0	0	79426af421213ae4d1ccf65534e9aadafa49665eefc475d57609c59b1d5c7ef6
53	148	3560936	5409	12	0	d8269bbae6cbe446821ab16073abe74b0924acd6d1975f809d676dfb69052359
54	148	4683971	5410	11	0	186dbbdfb4b8ccfe380d53fdefdcfff1508be79804a5e719f42e1e972e5d473c
55	148	3052323	5436	23	0	b02b5ce311494910ab6f517f34e2cd42f8ea9ef1019401029a2fea4436bfd7d9
56	148	5900000	5570	8	0	4a9ef0af2503df488af851ca8fb5120eadf82fe89f97c883cf0dcb225df942d9
57	148	2526600	5737	12	0	226da1b84c6db46064bd4f99c6bcd8a716f162d82e5c8ba7ce8d19313e5a5fce
58	148	1904896	5745	13	0	2b80a9556340968b15801351980ee5ee03854b9c24e19646e87c74a14db829be
59	148	3242333	6180	21	0	058a189023d276af58112b9716af95d7886784878702bb6274119f6b52223ee5
60	148	2300000	6486	0	0	16a0162116264dddca2a14967fd0cafc25b12405d46eb4a29d2f1ceffd1401c9
61	148	2390395	6527	0	0	7195dfec11e9eb437855a6abd47328f9c7fa1cf2a93995cf856073c6248effac
62	148	4252382	6556	0	0	8dc0bc6f5313dcfa5eae5bcfd94044fa23a9f86db8cb92545560af6af76e3135
63	148	2430000	6852	25	0	e58a7f4cea4029a459af92ef641065d87a520da890d82ebafeacdcbbb804f15c
64	148	2550319	7157	12	0	747a62f7ab4ca3900d7f6ad0940859da460e33f61ea622e8d4bc86f7bc1a10d1
65	148	3332799	7286	0	0	f13694a2c315de5e45f54e399aaedf811acd52372e50fb6de9e2067d16fa8d18
66	148	2570290	7772	1	0	b7a5766639e0980a3bd3228ebe2f0c0710493e69234e57cb8b826acba2bb45b6
67	148	7232655	7969	5	0	2a4add6e6f3e3233ad15cb888479cd50c024454eaec7da7c2bc69bc74bc01af1
68	148	2469000	8053	1	0	b323941bc4d4860340c4e2750b984904cde36a96da022911ddbcc3a4dd1ddbcf
69	148	5135925	8186	7	0	98f3c095778e0ccbc555fe3702ff71380357a3fe85533a6a690b83a38f54da5f
70	148	2139805	8231	2	0	b2eea4e78bf06cfffc747071d7a665028891fff8eceb46856ff4bc1110a2d459
71	148	1443460	8251	8	0	b2168d163f06cc1c85738577d83d57dc103c17b8573eb6a419ef43e53a089718
72	148	2259471	8400	14	0	98d1bba5585014c03a385e89fef521f15664accf13c94b17d87e3bb8720738b4
73	148	3033956	8421	8	0	acc79be534daf27d2d6f5c3f8c4f8adc3357ae145544ecb8e8245afd7247740c
74	148	1308000	8717	5	0	708264cd1c1e18ccc275b43f706946b260b52fa7b570b5ddfc4667220d74314f
75	148	1865327	8866	3	0	4ce4a85fc3b5334a1898c27192801c6626fe90317fbe695e8a7889810e41c623
76	148	4504708	8982	7	0	e8adc95e7b8ebb027a3066ebaf06a6b6c3090ddc1d77fd771490741a9afb1e11
77	148	3817268	9039	1	0	faaf33347aa268960c80c097efe5634a27207f7d48444f7d42655d6b5ada2548
78	148	3568900	9153	1	0	b22357c18ed52db1008c22bc89ecb5315a27ff800833947f1146d871322e482d
79	148	963036	9328	10	0	eb5413e3f7630bd4f6f92133d5f4e4cffc970b75ac97a841fd412080da9598e0
80	148	4950757	9626	5	0	29fb68ee190e047dc596fac6da6cf30672df752a685c673db9b24fe30b57ade3
81	148	958100	9631	22	0	821b9ece2bb9ad6501b572a8da437bda277883cc597851bcd1da9d88567008d6
82	148	4946400	9662	4	0	39ac29c96c6cee0c310044707fba932755a454936e6a39473d6c5576e0da5437
83	148	5941500	9690	9	0	b30e60e4d115c41abd956ee53879802b715391346ea7bfd6d1aa2d2d9efbf484
84	148	2642559	9764	12	0	5464a3da246270cd992e1b8423f5a2727299ad861c3cce06cc54b69daacd63bb
85	148	5875260	10367	33	0	98bc69ec2bf1630d6889dd8b0aca4ee342c7dc707e3313981666827e812d11d6
86	148	1848000	10377	0	0	6af8006d57cff718507bedaf6563b4b59b720d255f413c3e247edc06c5d16644
87	148	6765863	10403	25	0	f964197e46d7f881d9ad876020c41808cb25970ecdc9a18198e8e63cfd58e847
88	148	3253395	10420	7	0	26ad76ece70d6f2c245cc643611051d6e5bab7c46f4c5757f95b9d9e50dedbff
89	148	4692190	10534	0	0	cea23435d3296d58235229caabc40e144417b87329a85dad45b93ebf8a702cb7
90	148	4670000	10647	0	0	4fb988faf3cbcdadd740c58a19521ba48d6e92abc97fadfa4b2376182fb29a23
91	148	2557905	11002	9	0	598a79ae7b1b6422e20c33cc2a663e02669052336a5acf3d1b37d522147a4437
92	148	5463720	11066	0	0	dbbf5170099010f46f7335262c8227df1f9ac0c4da4386792b9be0bdde0877a4
93	148	2200000	11072	1	0	c87dbc632545ef684600882f81a79a7d253bdf36371cf26feed2611db433433f
94	148	1680000	11191	0	0	3b391d4bce29936e3dec19e9a138c1db838cb5142e865749a4ba58515e9c7022
95	148	4453559	11474	282	0	2b190aabe28a44b064310ceee39fafda8c9f0230d28061c913f75186281e54ee
96	148	2198598	11497	2	0	ab2e3b9376c85f49ecf93939724d0772d697cd2ce3fa517d53f8bdb6175a21e5
97	148	2912958	11519	0	0	5fff57b95bb7585370e7443adf99b1cec12527421a3e70eacf37fe92ac144c6a
98	148	1603600	11668	8	0	672b3cbee910b80ae4a14e54acc191ffd517f413a98030fe30bc4c8d04f38cad
99	148	2494972	11692	13	0	007b808da696c51652c31cf8de0a28ddce1381ae9a3ea1c0277a00304252ac9d
100	148	2561033	11694	0	0	faec41155d7fa170c02f435c848036e4edf8b27aef862a93daf21ce2a7732d8b
101	148	3083915	11821	14	0	c093e6fa60870187f5aa0a2bb47aa1894494728075dd48b47c8843cfed04c383
102	148	3830629	11829	15	0	a9c576983a789c2fe9f48e19148fa0821be68e3fff92e561c176aaf74215b69e
103	148	1432250	12094	0	0	95c2b00b2147e6a9065b1598737133aaf14a7da6695ba1b0098d8d3284ea70e3
104	148	1551342	12102	23	0	4e844579e7c4d2fed27a2be11dd7945809633c45955bd2b24001b2f89e4157cb
105	148	2884350	12250	0	0	e98f7485b4a6d5e243f7fc4c6663bb0fc266909454e15d7c9c9382e75e865590
106	148	1612735	12406	11	0	f545cca6bf519ed6eb8db47f11383b78a181db0908cc829f5422f12bb1a58ad7
107	148	1620921	12406	9	0	41037cc044edfcf3dd9b9696bee372abe616bfa319deaa0d30990d0ec9b12e77
108	148	3116976	12720	12	0	0295e3c9c9eaef908b06950e887fcb202dc63b4aca80ba2680f9c68aaa0257a7
109	148	4511413	12763	10	0	8c0be849062004aa53facd90373f354bbb958a83deaeb4859f962921a6c11826
110	148	2616753	13062	7	0	510c546d2dfe8aeb2485ec6bc9cdc636748c50274294468bcfbbbc670028cdb2
111	148	2077871	13303	7	0	64acbc91d167af34b5c7b3b5e94f0fbe064b3218d532ca7e76b923371794734a
112	148	2345337	13424	11	0	f8ab009778b6551a046227a9a75fec25b59dd58187a832d30174bc1f5558705c
113	148	2545566	13437	7	0	24c7c876a0bedcc69839caa2b2a047d0cbd028ef5205544f242e75bcc180ce7c
114	148	2236227	13517	3	0	5946ad263f6ebf0837b43111e931b9a6a2d16d4f8ac92f70f0098d1792f03f14
115	148	4203011	13766	9	0	5f6890c128fe5377e83c3e376816a850ee2bc42029c0706eb53238933e894563
116	148	1929800	13802	2	0	0bc30b9c524c55d8f429ed5d1de244452fa65c3a5e4886a8d7ac86fc693b5499
117	148	2195500	13812	0	0	d90a6c990eb51e6da34fa675cecd66476884bc7955b4145fccfb6cc9d431894d
118	148	1731772	13897	395	0	d4f6a8d46458c7722bbc4930cf5ff0b6b0d4eea8b8b11d2bbaea3bd0a9f551ff
119	148	1344937	14036	8	0	9c191336b9c9a86c23d17b1e167b2693d57d98113b6a69a3fe7da08015f56096
120	148	5400000	14386	4	0	d44eb0d9000e503c14cf1042c2aedd31ba33f04b2253403238eab9306e80d898
121	148	525637	14421	9	0	7c84ba89deaf9453ee1fa8cd00f02f18fd110c0481c977c70c7b3fa44b02479a
122	148	1618233	14466	6	0	28c52df34ec1f1b3b803ee36a6dad5ac212d11af6bad3e84f5ee62997e2f5e3b
123	148	1104270	14476	1	0	60bed1cd06205e89604a493ee01f3dd2a0e31bf88413f28955639c9742b41826
124	148	1093685	14598	7	0	deb8306d9ef1e4f09bb28262704d2db9ecf7f6846328c18872dfdaac4e84ed75
125	148	1117132	14612	12	0	53463ffea94b24d6e0a25b4fc56e139941f33006dec1358cabac98f488919081
126	148	1300000	14654	0	0	6e2e67eac86f069a400742a87366bf1bafaada1201494ec87fb51de35eb9e329
127	148	1112630	14779	20	0	df0f662179e6184c3f2bd9883fa8a18d148fc9fae84d26e8727ffe8fa9400bb3
128	148	2100000	14803	0	0	b47307c70a499c1fdb1f9fd4f4d8b23cb18d2a4152bb3e5fc0d1baa91b4e6c2e
129	148	1205997	14958	10	0	a4d78dcc878d9fc773597aad735e3f98b297f628d928c1dfb9d118a8725f67e6
130	148	1191980	15088	10	0	1b171580dfa1d0cff51247ca477e75a05e4bd26d75659c9f2a6fc38b5c10b664
131	148	500358	15126	25	0	a0140016890b93d01cdf703eb32fd67557272b6183d347dbf0608af7ddcfeb9a
132	148	659980	15143	18	0	f6ea166ff04af2f0ae2de966c96b7a902de17ada152e35352c644264a55a0618
133	148	1000000	15179	0	0	946ce9a07c929e573b2f85e6a791b7b52879bf27e9af7ed88bf6b4be6f4c27be
134	148	842400	15261	18	0	a361802accdd9029bfed822b98320ca5666a68bc0e986a278ef9e5703e82bc6a
135	148	948652	15758	25	0	d016ffb15280ad6dc2865288bf8e64cf61cc46fda5320c2307c8af27744ca3f3
136	148	1014531	15802	19	0	854621da3100bb9e608a98260223c69c99bdca8919357137e0d7f53792c4090d
137	148	787932	16089	36	0	3adbd0819f23d53cb61e89037aff5681257723a2dcd3dcfd240c1372e90561fd
138	148	787846	16130	8	0	4dcdf1661348518ab5d98208873d29d485298c2f05d610b2c15fb6accbcbbb20
139	148	956502	16273	5	0	2ef790335ec5cf61a14fc9f87827a1e04d65f29fd86bfa58061381f8836e670b
140	148	1810111	16903	0	0	906c619c54c14965a03df3710756823dca96fe0c008d5c2d2a532f8cecda33f2
141	148	2506355	17209	13	0	efff8484d029ddc8242f5fc1875035b7f6432307597c5a5095aa2d8e8f0d8184
142	148	460000	17217	11	0	29d94e53a1f2b271ad528bc763bc8fa788f8f89e7046f5255de801f5e2153d7e
143	148	954256	17236	8	0	24c277c52a158db6758da7b13fcb7c8fef99f9d6c4ded5cb153817431c036fac
144	148	1005601	17469	0	0	a9bba22bc9aa2635f333ae8544c64541c8d76d6a59b763b20bfe4b82c1c32d0c
145	148	617378	17482	8	0	49b007424742ebaa3061e9aa5ca362ee396dd2f7e93838a6823577365e55386e
146	148	1994338	17507	6	0	a525d5a194d0bdc1ba4e7bf3683f49213ea705864e156fea67b361798cc1e224
147	148	691236	17795	3	0	16eddc2bbbf50d6e4bf37a5a61d13001ce79d239a881c55401a3449f5c1abab8
148	148	1399244	17803	13	0	bd80dc362fec46b76511b49ec0f3a690b12d925c5419b4659c31dcb25a3e2a3c
149	148	1308399	17879	0	0	59f41ae6125812c4afef1dc2a2b3d9b7d3a679d238cb70c1e9287f1dd828478b
150	148	1339881	18353	33	0	843a463ec5cf8970537b493ed68739883d4aaa9515dd8a52001721f7852093fd
151	148	1208200	19030	2	0	f86d5a1e05b4292cb69ba53120f49d956e653d29bbd37c0716ce3ee19e8b3004
152	148	1817614	19157	33	0	16f75f77bf850fb26268331bcaf58920a3e3dccb7ee501f5b5864bb826197d49
153	148	897639	19408	42	0	117938e395de4b80978bc710d8dbbf0b7aa29985fea3869cf1759d6c723ce3c1
154	148	442888	19450	17	0	a707cf27fe9d01c8ad58644bbca49864ab3a16f596c94962f8db2dc12c2ce3f5
155	148	1027954	19461	29	0	4d60b150ab6a34dda6f11054ac5c600e4caa3160d3b495662571e164943c0dcd
156	148	1531242	19580	1	0	d72cb7576d303daaced6ccc1f59863b57563df875e0e88bc40901e31484a9908
157	148	910661	19699	27	0	034cffbb1490b1b3e11a6c86d8a75b020444e3f47200e173803737d17ea80464
158	148	1000441	19713	0	0	a92b4774a4a37354fecd4611dedd108e11865a3b4c01f3075c273c97e8f69d44
159	148	1909009	19901	9	0	9d36cbd76358afed2d6f01a344db4bdaca60c9e997ea8b7e04f5abead6b9852f
160	148	476734	19926	6	0	9fa593046a3175ad1766ef35c2f1714307c5bacd0bd75658b7db3c89bb7d3444
161	148	2237078	20004	0	0	f850fb0a687e88f401962067ac428d76de925fb68a2a160872b21068ba31067d
162	148	1030643	20286	13	0	389828f70774c113583f3d76ed0e00641d7b34cabfa5762a07d2c00ee8181bb9
163	148	1034187	20593	0	0	f84c5d8ce5352e33ecf9d5d60c272b37e55b76e04a88cda9fa3fb4322046490c
164	148	616855	20622	9	0	4529ba9a94012dc9b7c9795a025c3aa4e9ddc7c3d2ebe540997b942197bb7dae
165	148	655553	20778	23	0	9c16a237672d0be670b64ce7ca7de843d42364b0ea648c2020aeae8bff790aca
166	148	658797	20956	7	0	adf7396574ec3a360fb933bf68101ed0b33a406844c5c32e1df7580e14c3a347
167	148	1329985	21106	4	0	717b313f6740d6b2151835a3c2c64ac0484c15d94604c36ad20a1c8734de413c
168	148	2305022	21170	1	0	c6d58dd30a10db62d9d4c812c2ee45471b8335c13c2d31b794ad41d1bdf14f8e
169	148	807982	21420	28	0	f25c10249d7cf97a218f02d5f5cf5b362237cabaf00b5438f1325c3000e1d122
170	148	910965	21571	0	0	839a8d431f6cc9e53514a14c0f1c29f80dc69f9ee1e6f96bf36bf7ecb3bc1ffc
171	148	2647476	21580	38	0	e14f36148c3ea27657db08a67f4a8f3685a94978c2017d05ac007aeb10ad323b
172	148	1360800	21619	1	0	2ba412622490a1d5409c50a85862b2c2e6de7326a41dd38413d84adef8edc26c
173	148	1536006	21642	165	0	402d38fb1cbd48e4b1d4c43ef439a302e0699fcfeb8ffe36cd897d9d884d7555
174	148	1345341	21733	0	0	a58149f713985f1629fbad12f8a9cf1da83b86edf592be0a99e64d2eff19a185
175	148	1635818	21826	3	0	a140421ddbfea59db490558df0151584c75102f461061a4b505d531ecbc49764
176	148	1616519	21829	21	0	28f52ef349d41744cedb9f379d2d698578e013b44cc68a3bf953974eb078807e
177	148	834623	21976	7	0	148c418dcfa1a883a1659dff6d51c45464c4dba76668027ed6727695d6b00d6f
178	148	1735733	22113	24	0	cb7265b99826c53cf30ae26f8e5d018463e87b1da5b5dca60f20004e0a908a42
179	148	1913104	22294	0	0	5e6c62e16ffc207806ada6ea48d1e78dfb678f9b4b604eadaeb7c8f6cd000c59
180	148	2099846	22417	11	0	dc549dda696c358716a73ecb71f7e1a664e48314c2bbe11b349308880b090e66
181	148	1996796	22587	0	0	da7ea84086c306877429f171cb4d3f0b3a46711adc13c3c5bca25d23ee1a0c1b
182	148	1978848	22897	13	0	8c28a16313dd3f1b99e39eea3abff9d3cdd186ecd9268f250f9c455ff599f95a
183	148	2078810	22906	1	0	48c340d1dd1317cf4360cea1742697cfc1b201b32771eade29b2762acdf78e7c
184	148	1990554	23042	37	0	0a20ae7b9c19a4da44301ef4aa306d8b6e9c699cae45f9cea2730ca059cbad36
185	148	2245735	23228	1	0	c48aa0df3b33afdcfc46e6e1f96d3b5652d7be38b2e93c9a47f2dd43bd061857
186	148	2321431	23392	0	0	dddad6644faa34dd76cd2b72e762c53147fcf8ed68cecffe24a464d9b3abb005
187	148	2062556	23393	0	0	7d8689099f1283068ee7aaf6b9986b0a8ea95d95e95fd1ef998b7dc2bc107053
188	148	2099470	23433	0	0	b80c2741046aa193d86f8ee294772b34c647f2425a9dd8aade7bdbd5dfad5519
189	148	2395003	23827	0	0	9227411e9448a0304b1a3857fb8332c24265ee179ed3fa01e1086035b2357eca
190	148	1053105	23838	1	0	da1e6472949131a8e09f1f837fba56f09afdd39dbf51eb5fd2bfeefb18c105cc
191	148	900000	23884	0	0	da09a660a274a1b8a39ce89566d5bd49853d8e0f92e0d3cf6282e2f373a8b1a8
192	148	1144940	23991	3	0	2bcf965aa656bae57ae693f71f715761666a912a725488b4d822353ebddb4f82
193	148	1787297	24023	20	0	74d2d4c169dae74d9a4a1e3af4b9ce3141796d040bc1c88ce5c6de6e3a2f3392
194	148	2196100	24262	18	0	655971c2342938270a9165752042398d7e4ba614790f7e4ab4a85416860bb9ae
195	148	1128000	24454	0	0	7b6609af7b7c6aafe19e0b102330791adab641f4e3e3f38325f64bf3252e11d3
196	148	1360000	24477	22	0	ad68e0b1a56423cd13d68bcc47521dee704d9b5d9d641e992167a3cf3ed9701e
197	148	1100987	24573	0	0	2981148ae42c1378baf77ee2772a6b00a5bcad3a699ccde4ec863e96fe86bf97
198	148	2348610	24700	30	0	230b7e374cd243266531a67a1d55d7ba0af8ee6ff550eee5d23ec1154ebb3ddb
199	148	2140453	24815	0	0	43c0ec847ffea28dc8ab96ff4eedd43e4bf443a77dd15f29f8b8f8a225925ad6
200	148	2171188	24847	28	0	9e7d20cc6a5c79e7c9cefe764539fb08809ead560f891660013edf3c46a5d220
201	148	2222222	24868	8	0	601b8c777190b88567efb7eab307f353d4f155c2fe37018b5c0b8041a24d3ffa
202	148	1096751	24876	0	0	277f79c7d2f74ab9e3b9f4f50f3bc9aaffd1b5c156b8805f087ee433a4f5aba8
203	148	1146153	24978	0	0	de5303a3ebb366a5fbfdb77abe6bb0c5d1395f38ac11e10ef3568e59a01f2d27
204	148	2282593	25001	28	0	bc4d97ac0c0eb49f10f2e66a35a980bac6f583707ee6640f8fefa8e025e0646b
205	148	2250000	25054	7	0	ce7be6cd9c30fe31aaf90b63fa2966a964e1fe5d7006c25faf4324e56409daf4
206	148	1065319	25144	0	0	c879606753f009fe091e1b55706cfb680f729df1c187c08145ba66810f12af35
207	148	2306078	25147	8	0	0a7bab253dc5347b1132b6b74105c35d91ef117cccf6502029ab0e78455ae700
208	148	1038306	25169	10	0	eef0900a311aeab1d3e872fb16edf4e042479f04f62c31fa6ef0c8831d6e8f42
209	148	2243424	25274	7	0	2b21e2161d4ecf7e0670b83d7f4f17d2f09d30743c4ec55a11b768fec8154f32
210	148	2215201	25616	0	0	0bc10acfa43fc9909c40e813d6b8e820211a1c09216aff9cc3f5b617fd62fb4b
211	148	2439764	25664	24	0	a025305749bf0cf900ade34a083facdbd92dd6a3286d70cb451a3b476251d78a
212	148	2509531	25716	1	0	9eb7367e67039a4b22f4d5c45f8cb338debbaea28abba41f49730b143a790188
213	148	2601191	25795	35	0	1cd4f2b661ae94bcebb3c8fca058724e305411cdf4908ce4b5c45ec80f581a20
214	148	2516000	25804	1	0	aa645783ba1c7b03f7a1e5318e0c813a69ab90dd904ffc86eb2dba9da55c4e2e
215	148	2292486	26648	21	0	baec858640554efe1178cb91793b705ab85d3705673c2604fb93f0f2b7aa4c6d
216	148	2490000	27891	0	0	05106151eb3f8acfbbfdbcc148a91bb0a62f1a0828114f9b67ae82e74a89a9ea
217	148	2216866	27961	13	0	31cd2c52714ffee280430a5fd57cb0549c710170f42f6f7342cc5106bbfcbb8d
218	148	1521568	28344	19	0	111c575cd9fe6d4bfafd0bf7b28bb6dbdc5d5231af668532496ebd51d5b2f4cb
219	148	1763334	28955	29	0	c9a450b52b3b30170f4eacc228343ef424cda383b37d0930e45265d6d8947870
220	148	2168477	29118	22	0	400b11bfd2a7610302efda5671616a4429246ed5e2f71cbf28040ef48a0eebb7
221	148	1805000	29122	1	0	e59d4da9cbff0c97969b11dbd16a22340114e6e620ccf9dd60a950f8046de859
222	148	2130649	30379	22	0	ae3a0405df810ed194b65777be0b34d1748159a2c2498e753ab86359b70fba2d
223	148	2100000	32615	8	0	368019d1dc7e5976a84156b7125fc8230a5905ccc431023221f07596f9cf174d
224	148	2019986	33274	10	0	f0332bf18102ad7480d555f4d2e149d7fb83eec837ee47bce13eb3bedddd5fdd
225	148	2100000	33841	8	0	6349dfe8437a980d747554a8e2665ef115d842651766e3f56fbeb826bbb7d260
226	148	1888039	33940	9	0	7fb2d9e0b8e7fc68426827ef355b410949e7ab455b63fb19ec0ef2286b789725
227	148	2378381	34281	0	0	b79e384b11aaab296f3a9472ca94a7271efdf103c8ca7de3eaf6d55e4567890b
228	148	1748400	34470	12	0	d1d1ba3ccf6cacae1f2be60dfb41a9ef0b7644188d8654ae7445718b0595c279
229	148	1735000	34506	2	0	a6fb430d769a05a623a570e08db703c6d8bd86972839305a935f3e224bdc7003
230	148	1050000	34767	9	0	15f5b440409fcd446d369a0e5f114976d6f4f04d33d8f765409311d963f53de7
231	148	1799340	34958	22	0	e2b288db9473fbf445e802d82ce2edc8b133a8560d2f5e0d00061bcfc07aba15
232	148	2373090	35152	3	0	7a4088d3c7c6c6847e84012c6afa6a60cd2096f5b65cbf18ecd3268a1241a957
233	148	1357467	35325	12	0	a351ca5a83f66a387d5719c28b5417e89bf49b7edda747cce88dac2bec19fb92
234	148	2343449	35471	12	0	581d898040f3d395736020051510e645a36728c31adad4b12f5099060f4003c4
235	148	1735665	35478	8	0	046c3ef8bc74b075df410b822cb437c1639c4419ca5d4cb606bdc82d4ae2825b
236	148	968713	35538	0	0	d9a3779437e02b10118251079286984e030446eb4e53fb3731d4c1ab95b105c3
237	148	1779902	35777	6	0	7b98d7fd56c1f25a05d21eaa24d6f5f83fb8a5a8a77fa693bb1a650207066a36
238	148	1778754	35970	0	0	88ad5ac3b8f6b2c2515a039d0a17f489865889b1edc13ccb91cfa797c82325ca
239	148	2236000	36129	0	0	648eab7f8e0728ad9a009d634703f81d2dae7fa2f5c34a8438b1c69af360d9a4
240	148	2041336	36141	0	0	8314c075ac14d83309372b042319d96e92ad8368be138cc01bdf377413268d56
241	148	1962452	36260	23	0	942f1fcf2d804219b70181a77ef95b7c028c98f7a450d191e8f3da2eb2eb19e3
242	148	1986430	36264	6	0	b8b96f7004d2a5350b33621b1240829bfc4a599f56f23715b038f92df15f35b0
243	148	1983237	36444	3	0	a03f431a523eb661e748c0f905e1a68785238af678351aad87b3fe3c84a0c062
244	148	1998288	36764	12	0	735102b997de38309e72709be4d23c2edd29af86ae820fb7f9b1760adc8bb158
245	148	1853204	36873	14	0	0a8e1f8b3f28d74c68f25cb8f1ed23224ceee957ec038a1fe8f70265476a8986
246	148	1933114	36889	3	0	335d6332d6314ca1e6a98602c9d80571e7e32bd4f47c2771c4be67df191e891a
247	148	1722000	36941	7	0	126e9190995032f5ba27aaa8ba553bb7df8e2c7a9c9d631a537cd2786c002a4f
248	148	1899008	36985	21	0	fa77065fa91c880d183c044c4fb4e98d0fccf9155752033e3c9651314875582c
249	148	2006957	37301	0	0	31dad3bc7da97d1b20c318185df34fd9d7a3fbc40fd9a0e5475e06e25cd88e90
250	148	1900000	37632	0	0	b04c02304160509817f05f089e0b61d964e55f763ad4278cb9f37532086c2c52
251	148	2416622	38275	1	0	3093aaa8f77372ce400fd97fe879e42387591764c5ce346daffd7982b9eee3a3
252	148	2240300	38421	0	0	922066408cdf5b9756e35d657a05bc5aac4cedbf8bad48fd6c93a84bdc9f9bd6
253	148	2367355	38528	7	0	998c47cace5e790cb92c2e7af928aaf104caa3c4942f5bf3e4322c90c11e1bc1
254	148	1592100	43647	9	0	afb8e628d7872c32306a891c1ad1bff00e808ba6a45a56496c195df1e1f2d306
255	148	2321800	44983	12	0	f364d9e457bea4762b507d3879d1efbc6fed0c601118db0ed9af859aa72c567e

// vout
// id \t size \t value
1	34	6201379
2	34	30150000
